318	54
8	204
408	645
50	505
277	623
728	37
795	800
159	244
796	132
284	427
626	760
776	246
462	345
816	585
199	458
332	254
374	904
667	862
64	9
47	397
916	793
936	565
358	933
63	491
280	949
991	34
747	54
472	106
649	456
480	602
363	527
436	787
616	74
52	613
927	833
799	493
884	920
462	453
755	249
274	660
572	490
408	787
818	311
342	792
194	894
238	954
974	648
35	786
170	409
366	11
919	312
268	740
169	675
798	995
248	690
431	560
614	481
733	7
201	461
684	995
692	990
367	402
61	609
47	922
358	54
414	986
547	210
649	580
985	207
433	419
667	959
641	518
392	665
349	888
135	202
65	964
724	97
673	599
141	87
569	652
223	529
877	460
301	529
536	311
128	651
47	530
655	465
223	833
13	113
218	715
814	449
637	327
900	178
154	882
275	172
482	213
934	833
462	486
16	115
16	585
632	74
424	590
205	236
322	904
955	91
278	713
499	32
790	830
975	922
980	530
817	544
326	749
730	622
238	844
521	334
400	512
522	562
420	973
331	842
92	404
90	340
407	136
967	592
104	574
129	180
835	345
276	646
184	136
812	289
935	658
13	642
746	998
851	693
323	165
547	696
273	917
61	138
426	258
588	189
176	869
152	915
256	584
4	901
496	920
934	977
170	611
841	69
268	427
416	678
469	712
946	800
909	540
654	766
852	939
587	228
971	461
238	171
758	242
96	615
654	477
566	245
35	299
199	164
905	252
403	142
697	807
358	997
351	611
323	948
586	423
908	178
515	881
466	263
104	168
572	171
965	794
836	870
566	571
980	299
947	211
557	288
247	142
572	548
631	348
51	615
323	525
861	474
965	266
248	196
616	253
400	220
247	520
265	181
28	760
687	881
971	736
840	310
366	562
169	541
325	450
831	995
247	833
341	348
567	907
66	551
416	657
466	555
127	573
984	447
757	380
936	845
428	953
755	454
354	764
51	252
916	993
96	570
896	591
685	244
77	94
483	527
321	792
198	615
557	458
243	580
891	94
297	613
816	402
989	915
170	130
942	573
349	734
913	558
88	653
861	582
251	36
965	347
422	69
640	961
687	888
679	171
50	43
876	55
366	230
1	552
247	15
812	956
547	453
47	617
694	68
946	383
593	609
51	439
61	915
542	95
575	413
929	610
64	642
971	155
175	172
989	574
65	922
483	455
579	643
945	584
772	585
234	529
197	793
563	815
284	986
317	937
790	950
951	540
394	933
975	892
354	912
267	212
501	537
475	925
215	252
661	7
744	309
297	766
989	615
414	956
472	139
737	213
384	333
903	386
170	791
483	998
752	645
352	167
198	922
190	894
706	921
325	245
511	37
260	310
127	864
173	786
400	693
160	524
511	560
374	172
916	307
63	715
586	70
354	125
822	957
293	3
280	209
40	147
76	680
823	537
583	418
129	82
98	854
384	858
372	633
464	258
20	481
436	258
521	253
388	920
710	214
292	227
416	753
704	792
369	258
506	229
946	15
25	610
364	590
52	3
201	281
326	850
25	520
219	375
739	782
978	749
669	552
499	493
487	653
475	180
133	627
975	72
292	652
828	844
677	427
987	377
578	178
594	540
884	996
359	815
762	537
496	869
981	213
777	804
720	665
174	344
116	539
699	397
440	713
598	611
511	570
83	443
133	148
144	545
757	70
322	271
682	770
290	461
963	209
569	34
935	571
625	178
987	451
137	357
826	452
563	886
831	69
739	960
595	193
67	281
594	411
563	552
981	479
835	544
487	734
286	45
759	539
99	43
358	571
940	236
834	171
483	880
162	680
188	217
896	231
625	334
823	249
410	227
501	740
975	915
723	665
542	181
606	340
28	885
866	550
50	815
131	264
107	719
362	0
735	634
916	136
891	949
640	642
989	383
199	195
687	178
587	842
812	204
161	520
501	873
772	206
4	992
638	411
752	573
492	722
831	22
61	458
809	109
612	387
332	597
343	345
388	999
4	334
626	996
831	574
471	39
188	548
92	907
877	220
412	865
798	793
989	38
832	250
366	38
721	484
567	917
763	712
717	780
144	85
384	766
723	261
86	804
279	249
190	60
66	613
462	869
563	373
355	740
238	570
408	434
44	91
331	753
931	310
531	546
215	15
150	504
135	266
945	771
201	3
260	211
5	125
506	54
747	195
728	541
966	481
374	401
857	729
575	957
769	516
395	642
654	439
974	58
632	609
752	707
704	893
725	62
75	458
877	404
176	528
478	920
566	708
636	558
747	592
853	642
988	31
744	441
234	904
846	833
572	387
12	171
429	959
687	617
317	294
706	890
928	880
630	460
283	605
127	252
677	74
388	570
170	38
822	990
363	80
48	307
536	337
687	708
962	605
566	907
88	960
906	689
517	961
400	271
868	754
265	548
621	115
133	873
638	57
975	227
822	427
390	651
83	316
238	509
579	95
395	210
468	863
25	254
238	250
467	3
137	534
133	854
772	266
898	58
190	311
987	140
317	211
198	229
624	250
595	604
124	186
463	488
694	622
730	69
566	964
285	973
621	200
160	309
662	590
363	250
710	707
356	119
621	885
811	309
506	231
67	528
978	850
813	85
809	770
699	320
621	845
916	62
799	740
641	113
710	646
475	221
190	650
813	119
510	185
273	532
757	19
972	102
90	915
238	609
687	43
796	97
978	873
366	10
448	7
390	803
638	953
259	488
400	235
891	904
317	180
834	686
23	837
269	402
47	97
506	97
789	512
828	960
989	994
420	387
133	427
356	959
828	22
616	535
823	39
656	168
33	634
355	409
568	485
66	709
654	385
935	992
471	109
732	541
225	634
170	147
638	245
759	998
407	883
255	36
225	80
903	457
424	74
144	827
676	622
732	239
314	85
407	995
305	607
511	890
8	922
355	820
49	635
104	9
350	180
462	202
866	742
350	722
194	953
989	604
33	882
341	766
628	228
153	69
362	765
927	196
332	573
494	6
135	449
381	539
444	139
606	299
872	252
824	136
361	820
572	344
420	329
20	134
483	657
352	554
225	844
594	114
478	973
40	139
934	545
985	642
547	82
76	186
936	143
649	253
898	0
836	886
161	6
944	615
73	920
700	182
247	671
909	864
162	623
300	457
799	195
679	263
647	948
415	842
849	465
835	11
718	901
818	707
612	245
688	994
666	870
343	43
802	291
466	485
640	486
621	491
955	554
974	294
918	148
351	901
522	455
951	820
899	712
934	871
359	91
308	371
199	253
292	134
600	770
673	738
705	525
701	819
52	245
496	68
169	610
243	564
976	409
985	106
586	860
523	771
179	660
737	74
444	57
268	582
784	937
265	904
56	452
188	227
536	74
145	534
985	783
318	253
298	121
517	675
991	147
679	968
470	465
987	665
351	19
991	445
190	156
226	258
162	214
328	136
790	453
969	491
170	773
778	109
476	185
330	291
828	827
900	186
811	220
903	525
201	148
487	911
173	357
28	220
826	294
483	477
723	118
934	873
496	36
578	70
714	911
661	925
967	106
751	771
971	418
330	396
407	602
323	920
935	782
169	605
351	888
233	214
840	438
124	538
467	671
816	539
503	627
468	551
918	597
963	530
219	854
984	538
318	645
5	299
4	221
394	80
661	172
900	693
735	239
836	775
670	334
594	183
884	605
233	615
982	82
730	97
487	250
124	479
641	239
681	461
107	920
2	535
728	885
158	838
593	60
28	686
632	357
442	102
98	652
436	397
817	376
354	441
788	665
533	552
506	740
926	171
903	607
566	376
531	767
721	249
362	820
352	623
50	165
487	486
723	254
914	925
654	307
28	904
757	167
839	508
506	37
314	513
107	953
835	87
987	528
521	819
442	538
624	693
587	774
384	29
663	850
620	821
459	734
297	10
280	266
758	347
853	743
575	15
701	246
721	449
737	791
704	353
286	659
50	998
813	452
692	311
463	108
826	562
76	97
936	213
823	731
13	418
65	164
563	148
816	806
308	3
935	58
429	449
459	411
640	675
679	375
614	634
128	134
153	38
154	111
21	142
621	55
878	719
594	432
372	964
898	514
472	550
267	888
79	7
762	81
131	32
908	770
649	385
372	391
568	894
732	87
8	604
784	529
399	713
393	675
88	324
732	192
688	195
314	432
84	102
704	171
614	26
255	783
285	443
152	181
107	767
52	409
295	545
587	340
625	907
487	930
568	335
593	337
330	651
160	922
16	847
796	209
784	335
20	545
25	622
408	491
918	345
557	404
175	530
905	862
223	554
292	842
351	435
621	986
817	438
588	553
393	396
61	952
75	435
384	213
243	455
840	333
630	731
979	95
268	289
393	806
813	986
971	748
135	445
361	397
735	771
970	869
368	451
498	270
587	550
823	227
293	191
971	122
691	998
872	986
980	652
240	634
442	901
616	719
688	610
515	761
76	45
369	39
360	715
78	713
174	264
741	859
549	712
123	3
676	617
325	894
127	166
359	148
301	11
811	26
896	713
900	749
366	53
459	148
855	427
277	657
77	19
302	800
330	738
354	155
238	456
1	954
730	665
18	143
647	425
153	445
12	344
970	353
158	324
46	474
575	87
302	990
970	221
128	348
932	19
150	518
969	245
363	797
768	749
572	456
173	901
899	192
459	537
278	865
547	365
17	402
223	627
903	804
812	973
851	680
757	185
769	887
487	502
730	19
223	842
620	512
379	793
620	551
161	871
407	803
929	815
215	748
533	881
872	457
878	68
388	203
286	345
265	164
677	890
475	554
759	870
586	680
305	992
872	731
215	597
5	767
522	629
877	387
145	734
756	377
73	892
478	888
429	635
475	183
403	193
160	335
317	122
846	181
533	457
280	214
197	346
589	524
184	187
587	581
625	584
131	213
428	847
293	564
498	320
667	329
557	189
685	889
876	164
725	461
128	580
197	954
33	207
746	385
951	155
970	771
459	871
962	106
198	337
440	860
861	212
35	266
173	754
879	445
487	31
704	106
2	977
67	491
308	376
30	228
88	136
969	380
980	619
127	749
145	992
898	231
677	230
390	167
40	334
724	668
586	911
295	703
127	139
354	474
67	519
663	15
739	445
12	87
33	70
323	552
218	409
981	310
895	532
919	147
654	113
280	657
980	627
542	573
13	264
107	742
285	41
521	502
120	211
326	993
42	635
799	189
298	402
751	592
374	508
682	791
205	509
620	915
572	537
394	711
945	874
286	559
836	977
159	665
692	716
631	930
393	997
606	213
511	740
259	949
169	689
947	850
963	702
542	886
926	319
416	117
735	375
238	847
463	537
816	983
448	761
392	250
636	435
843	773
826	760
600	553
654	130
280	155
305	660
379	925
724	81
982	289
363	761
188	346
679	842
162	556
637	889
398	820
223	767
292	339
914	610
188	570
431	432
674	9
910	413
579	106
314	634
503	513
725	357
67	156
42	518
338	827
328	821
817	653
420	864
218	580
330	87
5	519
356	97
283	639
664	132
116	537
647	7
395	203
47	245
980	262
601	800
17	562
40	887
173	653
536	373
83	535
297	605
146	385
687	136
817	961
667	204
663	668
128	441
817	807
146	996
984	513
162	59
670	753
190	864
522	142
256	212
988	939
557	808
914	538
647	580
900	863
586	320
265	89
739	185
79	453
243	597
778	122
366	155
323	370
42	690
718	854
941	820
593	72
421	0
503	617
521	546
367	553
701	41
725	477
603	766
809	327
972	337
440	964
188	820
531	806
30	70
197	347
35	767
818	871
857	707
343	596
624	933
297	551
295	859
628	518
855	69
77	671
305	119
170	490
818	441
762	502
866	862
669	294
588	34
338	611
616	7
